OrderedDict([('weight', tensor([[0., 0., 0.,  ..., 0., 0., 0.],
        [0., 0., 0.,  ..., 0., 0., 0.],
        [0., 0., 0.,  ..., 0., 0., 0.],
        ...,
        [0., 0., 0.,  ..., 0., 0., 0.],
        [0., 0., 0.,  ..., 0., 0., 0.],
        [0., 0., 0.,  ..., 0., 0., 0.]], device='cuda:0')), ('bias', tensor([0., 0., 0., 0., 0., 0., 0., 0., 0., 0., 0., 0., 0., 0., 0., 0., 0., 0., 0., 0., 0., 0., 0., 0.,
        0., 0., 0., 0., 0., 0., 0., 0., 0., 0., 0., 0., 0., 0., 0., 0., 0., 0., 0., 0., 0., 0., 0., 0.,
        0., 0., 0., 0., 0., 0., 0., 0., 0., 0., 0., 0., 0., 0., 0., 0., 0., 0., 0., 0., 0., 0., 0., 0.,
        0., 0., 0., 0., 0., 0., 0., 0., 0., 0., 0., 0., 0., 0., 0., 0., 0., 0., 0., 0., 0., 0., 0., 0.,
        0., 0., 0., 0., 0., 0., 0., 0., 0., 0., 0., 0., 0., 0., 0., 0., 0., 0., 0., 0., 0., 0., 0., 0.,
        0., 0., 0., 0., 0., 0., 0., 0., 0., 0., 0., 0., 0., 0., 0., 0., 0., 0., 0., 0., 0., 0., 0., 0.,
        0., 0., 0., 0., 0., 0., 0., 0., 0., 0., 0., 0., 0., 0., 0., 0., 0., 0., 0., 0., 0., 0., 0., 0.,
        0., 0., 0., 0., 0., 0., 0., 0., 0., 0., 0., 0., 0., 0., 0., 0., 0., 0., 0., 0., 0., 0., 0., 0.,
        0., 0., 0., 0., 0., 0., 0., 0., 0., 0., 0., 0., 0., 0., 0., 0., 0., 0., 0., 0., 0., 0., 0., 0.,
        0., 0., 0., 0., 0., 0., 0., 0., 0., 0., 0., 0., 0., 0., 0., 0., 0., 0., 0., 0., 0., 0., 0., 0.,
        0., 0., 0., 0., 0., 0., 0., 0., 0., 0., 0., 0., 0., 0., 0., 0.],
       device='cuda:0')), ('sigma_weight', tensor([[0., 0., 0.,  ..., 0., 0., 0.],
        [0., 0., 0.,  ..., 0., 0., 0.],
        [0., 0., 0.,  ..., 0., 0., 0.],
        ...,
        [0., 0., 0.,  ..., 0., 0., 0.],
        [0., 0., 0.,  ..., 0., 0., 0.],
        [0., 0., 0.,  ..., 0., 0., 0.]], device='cuda:0')), ('sigma_bias', tensor([0., 0., 0., 0., 0., 0., 0., 0., 0., 0., 0., 0., 0., 0., 0., 0., 0., 0., 0., 0., 0., 0., 0., 0.,
        0., 0., 0., 0., 0., 0., 0., 0., 0., 0., 0., 0., 0., 0., 0., 0., 0., 0., 0., 0., 0., 0., 0., 0.,
        0., 0., 0., 0., 0., 0., 0., 0., 0., 0., 0., 0., 0., 0., 0., 0., 0., 0., 0., 0., 0., 0., 0., 0.,
        0., 0., 0., 0., 0., 0., 0., 0., 0., 0., 0., 0., 0., 0., 0., 0., 0., 0., 0., 0., 0., 0., 0., 0.,
        0., 0., 0., 0., 0., 0., 0., 0., 0., 0., 0., 0., 0., 0., 0., 0., 0., 0., 0., 0., 0., 0., 0., 0.,
        0., 0., 0., 0., 0., 0., 0., 0., 0., 0., 0., 0., 0., 0., 0., 0., 0., 0., 0., 0., 0., 0., 0., 0.,
        0., 0., 0., 0., 0., 0., 0., 0., 0., 0., 0., 0., 0., 0., 0., 0., 0., 0., 0., 0., 0., 0., 0., 0.,
        0., 0., 0., 0., 0., 0., 0., 0., 0., 0., 0., 0., 0., 0., 0., 0., 0., 0., 0., 0., 0., 0., 0., 0.,
        0., 0., 0., 0., 0., 0., 0., 0., 0., 0., 0., 0., 0., 0., 0., 0., 0., 0., 0., 0., 0., 0., 0., 0.,
        0., 0., 0., 0., 0., 0., 0., 0., 0., 0., 0., 0., 0., 0., 0., 0., 0., 0., 0., 0., 0., 0., 0., 0.,
        0., 0., 0., 0., 0., 0., 0., 0., 0., 0., 0., 0., 0., 0., 0., 0.],
       device='cuda:0')), ('epsilon_weight', tensor([[ 1.4548, -0.0270,  0.3588,  ..., -0.3220, -0.6741, -1.7467],
        [ 0.0246,  1.1243, -0.3181,  ...,  0.2696, -0.2716,  0.3559],
        [-1.2700,  0.5800, -1.1387,  ...,  0.4209,  1.6112,  2.2870],
        ...,
        [ 1.2297, -0.7978, -2.8675,  ..., -0.0489,  0.0230,  1.8741],
        [-0.8090,  0.1332,  1.6028,  ..., -0.7455, -0.4259,  0.5111],
        [-0.9182,  0.3206,  0.2130,  ...,  1.4479,  1.5399,  0.8398]],
       device='cuda:0')), ('epsilon_bias', tensor([ 0.5163, -0.1916, -0.5461,  0.2393,  0.5253,  1.0502,  0.9262, -0.0995,
        -0.5393,  0.2814, -1.1431, -1.7057,  1.8081,  0.9768,  1.3144, -0.7709,
         0.5971,  1.0768, -0.1902, -0.0875,  0.5335, -0.7414, -0.1961, -0.3774,
        -0.5208, -1.1203,  0.7383,  0.8386,  0.7309,  0.7951, -0.0099, -0.7469,
        -0.6701, -0.7744,  2.3111, -1.2820, -0.0790, -0.8205,  0.7789, -1.0602,
        -2.2584,  0.0557, -1.4570,  0.7638, -1.0201,  2.4042, -2.2703,  0.6075,
        -0.7119,  0.9474,  1.0862,  0.0283, -0.5001,  0.9610, -0.2239,  0.0438,
         0.2137, -0.1421,  1.6495, -1.5361,  0.0442,  0.0984, -0.7539,  0.2757,
        -1.4236,  1.3180, -0.3644,  0.1062, -1.5365, -1.4153,  0.7486,  0.2157,
         0.5291,  0.0260,  0.6155, -0.1537,  0.1295, -2.0108, -1.5434,  0.4902,
         0.7939,  1.6776,  0.4378, -1.0373,  1.2824, -0.8489, -0.0434, -1.4035,
        -0.1613, -1.5207,  0.6921, -0.3666,  0.3165,  0.1486, -1.0200, -0.0093,
        -0.8004,  0.0501,  0.7285,  0.9949, -0.7690,  1.8133, -1.7836, -0.1431,
         0.4329, -0.6560,  0.2501,  0.1587, -0.8260, -0.0994, -0.0050, -1.9968,
        -1.0847,  0.1686, -0.8473,  1.0607,  0.4641,  0.2448,  0.4941, -0.7912,
         1.9238, -2.6083, -1.3244, -0.8810,  0.6564,  0.5937,  0.3057,  1.7743,
         0.0682, -0.6618, -1.2981,  0.4947, -0.9817,  1.1319, -0.4156,  0.1118,
        -0.5206, -2.7512, -0.9281,  0.8315, -1.4549, -0.4685,  0.5582, -1.2119,
         0.0052,  0.1446, -0.2402,  0.8967, -2.3228, -0.4594,  0.4992, -1.7059,
        -1.6630,  0.5757, -0.3646, -1.0094, -0.4115,  0.3339,  0.2106, -1.3232,
        -0.5016,  0.0467, -1.3308, -1.1861,  0.2010,  0.4095, -0.3859,  1.2278,
        -0.0170,  0.7813, -0.9892,  0.4901,  0.4741, -0.6088, -0.0414, -1.0758,
        -0.9896,  0.0534, -1.1779,  0.7994, -0.6310,  0.4908, -0.2921, -0.2018,
        -0.5984,  1.0077, -0.8614,  0.2342, -0.0299, -1.2129,  1.1606,  0.5064,
         0.3121, -0.5360, -0.2205, -1.0229, -0.4109, -0.4327,  0.7121, -0.1439,
        -0.4276,  0.2192,  1.2594,  0.4274, -0.1661, -0.9570, -1.5319,  0.3045,
         0.5210, -0.7529, -1.2766,  0.9440, -0.5217, -0.6527,  0.9919, -1.7540,
         0.0218, -0.2592,  1.0904, -1.5727,  0.0435,  0.3789,  0.4968, -0.2655,
         1.0576, -1.4868,  0.6491, -1.6884,  0.8857,  1.6717,  0.0315,  1.0990,
        -1.4204,  1.8051,  0.6694, -0.1339, -0.1151, -1.2681, -0.2962, -1.2861,
        -0.5682,  0.2393, -1.4675, -0.7482, -0.7297,  0.2012,  0.1607, -0.8299,
         0.5869, -2.5604,  0.7503,  1.2445,  0.1851,  1.3902,  0.8939,  1.1431],
       device='cuda:0'))])